close all; clear all;
hold on;
plot3(-0.578456, -0.399969, 3.22833,'r.' );
C = [0.00626619, 0.00427599, -0.0345385; 0.00427599, 0.00297024, -0.0237577; -0.0345385, -0.0237577, 0.191898];
M = [-0.578456;-0.399969; 3.22833];
error_ellipse(C, M);
plot3(-0.573006, -0.421451, 3.38618,'r.' );
C = [0.00598188, 0.00432711, -0.0349514; 0.00432711, 0.00319091, -0.0255167; -0.0349514, -0.0255167, 0.206106];
M = [-0.573006;-0.421451; 3.38618];
error_ellipse(C, M);
plot3(-0.620359, -0.44753, 3.62186,'r.' );
C = [0.00678566, 0.00476717, -0.0391641; 0.00476717, 0.00341679, -0.0277709; -0.0391641, -0.0277709, 0.228149];
M = [-0.620359;-0.44753; 3.62186];
error_ellipse(C, M);
plot3(-0.521088, -0.367186, 3.00017,'r.' );
C = [0.00523951, 0.00364064, -0.0299092; 0.00364064, 0.00257563, -0.0209544; -0.0299092, -0.0209544, 0.172148];
M = [-0.521088;-0.367186; 3.00017];
error_ellipse(C, M);
plot3(0.827445, -1.54527, 4.47214,'r.' );
C = [0.0108072, -0.0200313, 0.0581693; -0.0200313, 0.0375152, -0.10878; 0.0581693, -0.10878, 0.315889];
M = [0.827445;-1.54527; 4.47214];
error_ellipse(C, M);
plot3(0.878867, -1.69303, 4.81509,'r.' );
C = [0.011875, -0.0226543, 0.0646152; -0.0226543, 0.0436901, -0.12443; 0.0646152, -0.12443, 0.354904];
M = [0.878867;-1.69303; 4.81509];
error_ellipse(C, M);
plot3(0.967915, -1.86884, 5.35114,'r.' );
C = [0.0137436, -0.0263482, 0.0755995; -0.0263482, 0.0511005, -0.146392; 0.0755995, -0.146392, 0.420036];
M = [0.967915;-1.86884; 5.35114];
error_ellipse(C, M);
plot3(0.847302, -1.63483, 4.72862,'r.' );
C = [0.0110219, -0.0211277, 0.0613534; -0.0211277, 0.0409585, -0.11876; 0.0613534, -0.11876, 0.344871];
M = [0.847302;-1.63483; 4.72862];
error_ellipse(C, M);
xlabel('x'); ylabel('y'); zlabel('z');
