close all; clear all;
hold on;
plot3(0.714844, 0.437726, 3.66061,'r.' );
C = [0.000552311, 0.000313276, 0.00262691; 0.000313276, 0.000217877, 0.00161772; 0.00262691, 0.00161772, 0.013565];
M = [0.714844;0.437726; 3.66061];
error_ellipse(C, M);
plot3(0.734549, 0.436011, 3.61576,'r.' );
C = [0.000583894, 0.000319233, 0.00267686; 0.000319233, 0.000212596, 0.00157853; 0.00267686, 0.00157853, 0.0132364];
M = [0.734549;0.436011; 3.61576];
error_ellipse(C, M);
plot3(0.762887, 0.437666, 3.64432,'r.' );
C = [0.000631076, 0.000335276, 0.00281139; 0.000335276, 0.000215951, 0.00160343; 0.00281139, 0.00160343, 0.0134452];
M = [0.762887;0.437666; 3.64432];
error_ellipse(C, M);
plot3(0.766379, 0.436507, 3.67937,'r.' );
C = [0.000633416, 0.000334074, 0.00284191; 0.000334074, 0.000214576, 0.0016109; 0.00284191, 0.0016109, 0.0137036];
M = [0.766379;0.436507; 3.67937];
error_ellipse(C, M);
plot3(-1.49515, -0.700179, 4.73743,'r.' );
C = [0.0023357, 0.00106098, -0.00715818; 0.00106098, 0.000539292, -0.00335651; -0.00715818, -0.00335651, 0.0226456];
M = [-1.49515;-0.700179; 4.73743];
error_ellipse(C, M);
plot3(-1.46551, -0.731102, 4.9752,'r.' );
C = [0.00225988, 0.00109313, -0.00737508; 0.00109313, 0.000594393, -0.00369924; -0.00737508, -0.00369924, 0.024958];
M = [-1.46551;-0.731102; 4.9752];
error_ellipse(C, M);
plot3(-1.45775, -0.731985, 4.96114,'r.' );
C = [0.00224721, 0.001087, -0.00733375; 0.001087, 0.00059106, -0.00367851; -0.00733375, -0.00367851, 0.0248181];
M = [-1.45775;-0.731985; 4.96114];
error_ellipse(C, M);
plot3(-1.40445, -0.702259, 4.72743,'r.' );
C = [0.00206481, 0.00100485, -0.00670249; 0.00100485, 0.000548489, -0.00338088; -0.00670249, -0.00338088, 0.0225509];
M = [-1.40445;-0.702259; 4.72743];
error_ellipse(C, M);
plot3(-2.55825, -0.123025, 5.63761,'r.' );
C = [0.00672801, 0.000322376, -0.0145558; 0.000322376, 7.48744e-05, -0.000708334; -0.0145558, -0.000708334, 0.0319824];
M = [-2.55825;-0.123025; 5.63761];
error_ellipse(C, M);
plot3(-2.52322, -0.146435, 5.55223,'r.' );
C = [0.00652743, 0.000384943, -0.0141219; 0.000384943, 8.0463e-05, -0.000845809; -0.0141219, -0.000845809, 0.031029];
M = [-2.52322;-0.146435; 5.55223];
error_ellipse(C, M);
plot3(-2.51071, -0.147138, 5.4967,'r.' );
C = [0.00644617, 0.000378767, -0.0138953; 0.000378767, 7.88653e-05, -0.000829113; -0.0138953, -0.000829113, 0.0304165];
M = [-2.51071;-0.147138; 5.4967];
error_ellipse(C, M);
plot3(-2.51997, -0.112191, 5.51981,'r.' );
C = [0.00650003, 0.000286449, -0.0140114; 0.000286449, 6.95578e-05, -0.00062703; -0.0140114, -0.00062703, 0.0306706];
M = [-2.51997;-0.112191; 5.51981];
error_ellipse(C, M);
xlabel('x'); ylabel('y'); zlabel('z');
