close all;
clear all;
hold on;
%feature no 10000
plot3(0.317375,0.898948,0.9152,'ro');
plot3(0.317375,0.898948,0.9152,'bx');
C = [1, 0, 0; 0, 1, 0; 0, 0, 1, ];
M = [0.317375,0.898948,0.9152];
error_ellipse(C, M);
%feature no 10001
plot3(0.67642,0.898643,0.9422,'ro');
plot3(0.67642,0.898643,0.9422,'bx');
C = [1, 0, 0; 0, 1, 0; 0, 0, 1, ];
M = [0.67642,0.898643,0.9422];
error_ellipse(C, M);
%feature no 10002
plot3(-2.09014,-0.357902,1.1272,'ro');
plot3(-2.09014,-0.357902,1.1272,'bx');
C = [1, 0, 0; 0, 1, 0; 0, 0, 1, ];
M = [-2.09014,-0.357902,1.1272];
error_ellipse(C, M);
%feature no 10003
plot3(-1.92697,-0.352495,1.0692,'ro');
plot3(-1.92697,-0.352495,1.0692,'bx');
C = [1, 0, 0; 0, 1, 0; 0, 0, 1, ];
M = [-1.92697,-0.352495,1.0692];
error_ellipse(C, M);
%feature no 10004
plot3(0.310243,0.89983,0.488302,'ro');
plot3(0.309445,0.900115,0.4898,'bx');
plot3(0.308166,0.89989,0.488207,'bx');
plot3(0.308349,0.900333,0.486034,'bx');
plot3(0.306411,0.90089,0.491356,'bx');
plot3(0.309004,0.902163,0.494422,'bx');
plot3(0.307709,0.902783,0.494891,'bx');
plot3(0.30589,0.896331,0.475126,'bx');
plot3(0.305085,0.90293,0.49217,'bx');
plot3(0.304328,0.90101,0.492348,'bx');
plot3(0.30876,0.901501,0.494826,'bx');
plot3(0.309864,0.901178,0.488451,'bx');
plot3(0.309409,0.899699,0.482617,'bx');
plot3(0.310375,0.90149,0.493689,'bx');
plot3(0.307793,0.899615,0.481603,'bx');
plot3(0.309631,0.899867,0.488163,'bx');
plot3(0.308737,0.900826,0.489733,'bx');
plot3(0.307534,0.901148,0.489565,'bx');
plot3(0.308078,0.89831,0.480483,'bx');
plot3(0.309109,0.899015,0.487047,'bx');
plot3(0.307816,0.90099,0.490391,'bx');
plot3(0.30978,0.899972,0.484072,'bx');
plot3(0.308965,0.899032,0.486318,'bx');
plot3(0.308662,0.899925,0.487693,'bx');
plot3(0.308519,0.902482,0.4958,'bx');
plot3(0.311774,0.900347,0.487514,'bx');
plot3(0.311794,0.898643,0.486855,'bx');
plot3(0.309919,0.896528,0.477595,'bx');
plot3(0.310437,0.900256,0.485345,'bx');
plot3(0.311168,0.899929,0.485318,'bx');
plot3(0.310087,0.900174,0.492811,'bx');
plot3(0.309781,0.901773,0.491888,'bx');
plot3(0.310059,0.900689,0.492417,'bx');
plot3(0.311528,0.90049,0.490081,'bx');
plot3(0.312503,0.901654,0.49716,'bx');
plot3(0.308416,0.897822,0.483135,'bx');
plot3(0.309002,0.897683,0.485336,'bx');
plot3(0.312028,0.897685,0.486625,'bx');
plot3(0.31057,0.89994,0.490451,'bx');
plot3(0.312569,0.899457,0.491348,'bx');
plot3(0.313846,0.895786,0.478805,'bx');
plot3(0.312245,0.898352,0.487116,'bx');
plot3(0.313899,0.896673,0.480853,'bx');
plot3(0.315409,0.901149,0.495325,'bx');
plot3(0.314524,0.896979,0.484886,'bx');
plot3(0.312088,0.896637,0.481727,'bx');
plot3(0.315053,0.902587,0.497439,'bx');
plot3(0.315981,0.900352,0.492755,'bx');
plot3(0.315083,0.900601,0.492403,'bx');
plot3(0.31471,0.897982,0.486808,'bx');
C = [1, 0, 0; 0, 1, 0; 0, 0, 1, ];
M = [0.309445,0.900115,0.4898];
error_ellipse(C, M);
C = [1, -3.20786e-16, 2.1684e-19; -3.20786e-16, 1, -7.58942e-19; 2.1684e-19, -7.58942e-19, 1, ];
M = [0.308166,0.89989,0.488207];
error_ellipse(C, M);
C = [1, -1.02896e-15, -2.1684e-19; -1.02896e-15, 1, -4.33681e-19; -2.1684e-19, -4.33681e-19, 1, ];
M = [0.308349,0.900333,0.486034];
error_ellipse(C, M);
C = [1, -1.53923e-17, -2.1684e-18; -1.53923e-17, 1, 2.38524e-18; -2.1684e-18, 2.38524e-18, 1, ];
M = [0.306411,0.90089,0.491356];
error_ellipse(C, M);
C = [1, -2.10835e-17, 1.12757e-17; -2.10835e-17, 1, 8.67362e-18; 1.12757e-17, 8.67362e-18, 1, ];
M = [0.309004,0.902163,0.494422];
error_ellipse(C, M);
C = [1, -6.47679e-16, -3.85976e-17; -6.47679e-16, 1, -3.90313e-18; -3.85976e-17, -3.90313e-18, 1, ];
M = [0.307709,0.902783,0.494891];
error_ellipse(C, M);
C = [1, -3.99058e-16, 1.12757e-17; -3.99058e-16, 1, -3.98986e-17; 1.12757e-17, -3.98986e-17, 1, ];
M = [0.30589,0.896331,0.475126];
error_ellipse(C, M);
C = [1, -1.02981e-16, 4.33681e-19; -1.02981e-16, 1, 4.33681e-19; 4.33681e-19, 4.33681e-19, 1, ];
M = [0.305085,0.90293,0.49217];
error_ellipse(C, M);
C = [1, 1.22228e-16, 4.33681e-19; 1.22228e-16, 1, 4.33681e-19; 4.33681e-19, 4.33681e-19, 1, ];
M = [0.304328,0.90101,0.492348];
error_ellipse(C, M);
C = [1, 2.34494e-16, -7.80626e-18; 2.34494e-16, 1, -2.53703e-17; -7.80626e-18, -2.53703e-17, 1, ];
M = [0.30876,0.901501,0.494826];
error_ellipse(C, M);
C = [1, -2.57151e-17, 3.03577e-18; -2.57151e-17, 1, 3.90313e-18; 3.03577e-18, 3.90313e-18, 1, ];
M = [0.309864,0.901178,0.488451];
error_ellipse(C, M);
C = [1, -2.93874e-16, 1.77375e-16; -2.93874e-16, 1, 7.47232e-16; 1.77375e-16, 7.47232e-16, 1, ];
M = [0.309409,0.899699,0.482617];
error_ellipse(C, M);
C = [1, 3.4496e-16, -1.30104e-18; 3.4496e-16, 1, 1.6263e-19; -1.30104e-18, 1.6263e-19, 1, ];
M = [0.310375,0.90149,0.493689];
error_ellipse(C, M);
C = [1, 2.74436e-16, 2.1684e-19; 2.74436e-16, 1, -2.1684e-19; 2.1684e-19, -2.1684e-19, 1, ];
M = [0.307793,0.899615,0.481603];
error_ellipse(C, M);
C = [1, -5.20051e-16, 3.62124e-17; -5.20051e-16, 1, 1.13841e-17; 3.62124e-17, 1.13841e-17, 1, ];
M = [0.309631,0.899867,0.488163];
error_ellipse(C, M);
C = [1, 1.74731e-16, -1.0842e-19; 1.74731e-16, 1, -2.71051e-20; -1.0842e-19, -2.71051e-20, 1, ];
M = [0.308737,0.900826,0.489733];
error_ellipse(C, M);
C = [1, -7.90096e-16, -8.58688e-17; -7.90096e-16, 1, 1.35525e-16; -8.58688e-17, 1.35525e-16, 1, ];
M = [0.307534,0.901148,0.489565];
error_ellipse(C, M);
C = [1, 4.05325e-16, 5.72459e-17; 4.05325e-16, 1, -7.50268e-17; 5.72459e-17, -7.50268e-17, 1, ];
M = [0.308078,0.89831,0.480483];
error_ellipse(C, M);
C = [1, -1.14997e-16, -3.46945e-18; -1.14997e-16, 1, -6.93889e-18; -3.46945e-18, -6.93889e-18, 1, ];
M = [0.309109,0.899015,0.487047];
error_ellipse(C, M);
C = [1, 3.63533e-16, -0; 3.63533e-16, 1, -0; -0, -0, 1, ];
M = [0.307816,0.90099,0.490391];
error_ellipse(C, M);
C = [1, -3.77296e-16, -6.245e-17; -3.77296e-16, 1, -5.37764e-17; -6.245e-17, -5.37764e-17, 1, ];
M = [0.30978,0.899972,0.484072];
error_ellipse(C, M);
C = [1, -9.63991e-17, 1.73472e-18; -9.63991e-17, 1, 1.73472e-18; 1.73472e-18, 1.73472e-18, 1, ];
M = [0.308965,0.899032,0.486318];
error_ellipse(C, M);
C = [1, -9.60332e-16, -1.73472e-18; -9.60332e-16, 1, 1.66591e-33; -1.73472e-18, 1.66591e-33, 1, ];
M = [0.308662,0.899925,0.487693];
error_ellipse(C, M);
C = [1, -7.87944e-17, -1.04083e-17; -7.87944e-17, 1, -5.20417e-18; -1.04083e-17, -5.20417e-18, 1, ];
M = [0.308519,0.902482,0.4958];
error_ellipse(C, M);
C = [1, 8.91756e-18, -3.46945e-18; 8.91756e-18, 1, 8.67362e-19; -3.46945e-18, 8.67362e-19, 1, ];
M = [0.311774,0.900347,0.487514];
error_ellipse(C, M);
C = [1, 1.62413e-16, -4.51028e-17; 1.62413e-16, 1, -5.20417e-18; -4.51028e-17, -5.20417e-18, 1, ];
M = [0.311794,0.898643,0.486855];
error_ellipse(C, M);
C = [1, -7.83336e-17, 1.73472e-17; -7.83336e-17, 1, -1.35887e-33; 1.73472e-17, -1.35887e-33, 1, ];
M = [0.309919,0.896528,0.477595];
error_ellipse(C, M);
C = [1, -5.38415e-16, 6.245e-17; -5.38415e-16, 1, 9.36751e-17; 6.245e-17, 9.36751e-17, 1, ];
M = [0.310437,0.900256,0.485345];
error_ellipse(C, M);
C = [1, -2.34079e-16, 4.16334e-17; -2.34079e-16, 1, 1.11022e-16; 4.16334e-17, 1.11022e-16, 1, ];
M = [0.311168,0.899929,0.485318];
error_ellipse(C, M);
C = [1, 2.6563e-18, -1.38778e-17; 2.6563e-18, 1, -1.73472e-18; -1.38778e-17, -1.73472e-18, 1, ];
M = [0.310087,0.900174,0.492811];
error_ellipse(C, M);
C = [1, 1.98409e-16, 3.46945e-17; 1.98409e-16, 1, 5.20417e-18; 3.46945e-17, 5.20417e-18, 1, ];
M = [0.309781,0.901773,0.491888];
error_ellipse(C, M);
C = [1, 3.78712e-16, -4.85723e-17; 3.78712e-16, 1, -8.67362e-18; -4.85723e-17, -8.67362e-18, 1, ];
M = [0.310059,0.900689,0.492417];
error_ellipse(C, M);
C = [1, 1.70437e-16, -4.85723e-17; 1.70437e-16, 1, -6.07153e-18; -4.85723e-17, -6.07153e-18, 1, ];
M = [0.311528,0.90049,0.490081];
error_ellipse(C, M);
C = [1, -1.12432e-16, 5.55112e-17; -1.12432e-16, 1, 6.93889e-18; 5.55112e-17, 6.93889e-18, 1, ];
M = [0.312503,0.901654,0.49716];
error_ellipse(C, M);
C = [1, -6.58111e-17, -1.38778e-17; -6.58111e-17, 1, -1.73472e-18; -1.38778e-17, -1.73472e-18, 1, ];
M = [0.308416,0.897822,0.483135];
error_ellipse(C, M);
C = [1, 2.04047e-16, -1.38778e-17; 2.04047e-16, 1, -3.46945e-18; -1.38778e-17, -3.46945e-18, 1, ];
M = [0.309002,0.897683,0.485336];
error_ellipse(C, M);
C = [1, -3.30682e-17, -2.77556e-17; -3.30682e-17, 1, -1.73472e-18; -2.77556e-17, -1.73472e-18, 1, ];
M = [0.312028,0.897685,0.486625];
error_ellipse(C, M);
C = [1, -8.3592e-17, 1.38778e-17; -8.3592e-17, 1, 1.73472e-18; 1.38778e-17, 1.73472e-18, 1, ];
M = [0.31057,0.89994,0.490451];
error_ellipse(C, M);
C = [1, 6.57027e-17, -6.93889e-17; 6.57027e-17, 1, -8.67362e-18; -6.93889e-17, -8.67362e-18, 1, ];
M = [0.312569,0.899457,0.491348];
error_ellipse(C, M);
C = [1, 1.55908e-16, 9.71445e-17; 1.55908e-16, 1, 1.21431e-17; 9.71445e-17, 1.21431e-17, 1, ];
M = [0.313846,0.895786,0.478805];
error_ellipse(C, M);
C = [1, -5.29091e-17, -3.6713e-34; -5.29091e-17, 1, 6.93889e-18; -3.6713e-34, 6.93889e-18, 1, ];
M = [0.312245,0.898352,0.487116];
error_ellipse(C, M);
C = [1, 4.23923e-16, -6.93889e-17; 4.23923e-16, 1, -1.73472e-17; -6.93889e-17, -1.73472e-17, 1, ];
M = [0.313899,0.896673,0.480853];
error_ellipse(C, M);
C = [1, 1.39428e-16, -1.38778e-17; 1.39428e-16, 1, -1.93496e-33; -1.38778e-17, -1.93496e-33, 1, ];
M = [0.315409,0.901149,0.495325];
error_ellipse(C, M);
C = [1, -2.03396e-16, -4.16334e-17; -2.03396e-16, 1, -3.46945e-18; -4.16334e-17, -3.46945e-18, 1, ];
M = [0.314524,0.896979,0.484886];
error_ellipse(C, M);
C = [1, 4.12864e-16, 8.32667e-17; 4.12864e-16, 1, -1.73472e-17; 8.32667e-17, -1.73472e-17, 1, ];
M = [0.312088,0.896637,0.481727];
error_ellipse(C, M);
C = [1, -1.39428e-16, 5.55112e-17; -1.39428e-16, 1, 6.93889e-18; 5.55112e-17, 6.93889e-18, 1, ];
M = [0.315053,0.902587,0.497439];
error_ellipse(C, M);
C = [1, 3.38271e-17, -1.38778e-17; 3.38271e-17, 1, -4.69445e-34; -1.38778e-17, -4.69445e-34, 1, ];
M = [0.315981,0.900352,0.492755];
error_ellipse(C, M);
C = [1, 2.75387e-17, 2.77556e-17; 2.75387e-17, 1, 6.93889e-18; 2.77556e-17, 6.93889e-18, 1, ];
M = [0.315083,0.900601,0.492403];
error_ellipse(C, M);
C = [1, -4.0766e-17, -4.16334e-17; -4.0766e-17, 1, -6.93889e-18; -4.16334e-17, -6.93889e-18, 1, ];
M = [0.31471,0.897982,0.486808];
error_ellipse(C, M);
%feature no 10005
plot3(-1.94597,0.89989,0.96001,'ro');
plot3(-1.94684,0.901384,0.969,'bx');
plot3(-1.94708,0.902044,0.969181,'bx');
plot3(-1.94376,0.901062,0.963496,'bx');
plot3(-1.94663,0.901829,0.967713,'bx');
plot3(-1.94609,0.902094,0.967209,'bx');
plot3(-1.94785,0.902001,0.970106,'bx');
plot3(-1.94492,0.901688,0.967034,'bx');
plot3(-1.94572,0.902327,0.968233,'bx');
plot3(-1.94392,0.90148,0.962208,'bx');
plot3(-1.94311,0.899435,0.956528,'bx');
plot3(-1.94361,0.900341,0.957245,'bx');
plot3(-1.94616,0.901721,0.965743,'bx');
plot3(-1.93926,0.896928,0.950499,'bx');
plot3(-1.94476,0.900474,0.960989,'bx');
plot3(-1.94532,0.900669,0.966024,'bx');
plot3(-1.94745,0.901669,0.969004,'bx');
plot3(-1.93781,0.896696,0.951606,'bx');
plot3(-1.94262,0.89813,0.957687,'bx');
plot3(-1.94529,0.900097,0.963559,'bx');
plot3(-1.94556,0.89998,0.962008,'bx');
plot3(-1.94843,0.900371,0.969188,'bx');
plot3(-1.93984,0.897001,0.950616,'bx');
plot3(-1.94197,0.898848,0.956488,'bx');
plot3(-1.94311,0.898226,0.955753,'bx');
plot3(-1.9388,0.894204,0.945716,'bx');
plot3(-1.9402,0.896413,0.949749,'bx');
plot3(-1.94002,0.897794,0.952142,'bx');
plot3(-1.9505,0.902269,0.96914,'bx');
plot3(-1.94904,0.900032,0.965588,'bx');
plot3(-1.94655,0.898993,0.955231,'bx');
plot3(-1.94069,0.896903,0.945214,'bx');
plot3(-1.9446,0.899099,0.952383,'bx');
plot3(-1.94979,0.900541,0.960545,'bx');
plot3(-1.94404,0.897477,0.948814,'bx');
plot3(-1.95206,0.901566,0.962806,'bx');
plot3(-1.94263,0.896812,0.946391,'bx');
plot3(-1.94375,0.897395,0.946513,'bx');
plot3(-1.94815,0.900048,0.952338,'bx');
plot3(-1.95564,0.903217,0.969065,'bx');
plot3(-1.94911,0.900191,0.954728,'bx');
plot3(-1.94959,0.900714,0.964607,'bx');
plot3(-1.956,0.902314,0.971825,'bx');
plot3(-1.95035,0.899719,0.956801,'bx');
plot3(-1.94959,0.900859,0.961263,'bx');
plot3(-1.95028,0.901768,0.96581,'bx');
plot3(-1.95367,0.902227,0.97213,'bx');
plot3(-1.94852,0.897796,0.954549,'bx');
C = [1, 0, 0; 0, 1, 0; 0, 0, 1, ];
M = [-1.94684,0.901384,0.969];
error_ellipse(C, M);
C = [1, -3.20786e-16, 2.1684e-19; -3.20786e-16, 1, -7.58942e-19; 2.1684e-19, -7.58942e-19, 1, ];
M = [-1.94708,0.902044,0.969181];
error_ellipse(C, M);
C = [1, -1.02896e-15, -2.1684e-19; -1.02896e-15, 1, -4.33681e-19; -2.1684e-19, -4.33681e-19, 1, ];
M = [-1.94376,0.901062,0.963496];
error_ellipse(C, M);
C = [1, -1.53923e-17, -2.1684e-18; -1.53923e-17, 1, 2.38524e-18; -2.1684e-18, 2.38524e-18, 1, ];
M = [-1.94663,0.901829,0.967713];
error_ellipse(C, M);
C = [1, -2.10835e-17, 1.12757e-17; -2.10835e-17, 1, 8.67362e-18; 1.12757e-17, 8.67362e-18, 1, ];
M = [-1.94609,0.902094,0.967209];
error_ellipse(C, M);
C = [1, -4.08092e-17, 2.1684e-18; -4.08092e-17, 1, 1.73472e-18; 2.1684e-18, 1.73472e-18, 1, ];
M = [-1.94785,0.902001,0.970106];
error_ellipse(C, M);
C = [1, -6.47679e-16, -3.85976e-17; -6.47679e-16, 1, -3.90313e-18; -3.85976e-17, -3.90313e-18, 1, ];
M = [-1.94492,0.901688,0.967034];
error_ellipse(C, M);
C = [1, -3.99058e-16, 1.12757e-17; -3.99058e-16, 1, -3.98986e-17; 1.12757e-17, -3.98986e-17, 1, ];
M = [-1.94572,0.902327,0.968233];
error_ellipse(C, M);
C = [1, -1.02981e-16, 4.33681e-19; -1.02981e-16, 1, 4.33681e-19; 4.33681e-19, 4.33681e-19, 1, ];
M = [-1.94392,0.90148,0.962208];
error_ellipse(C, M);
C = [1, 1.22228e-16, 4.33681e-19; 1.22228e-16, 1, 4.33681e-19; 4.33681e-19, 4.33681e-19, 1, ];
M = [-1.94311,0.899435,0.956528];
error_ellipse(C, M);
C = [1, -2.57151e-17, 3.03577e-18; -2.57151e-17, 1, 3.90313e-18; 3.03577e-18, 3.90313e-18, 1, ];
M = [-1.94361,0.900341,0.957245];
error_ellipse(C, M);
C = [1, -2.93874e-16, 1.77375e-16; -2.93874e-16, 1, 7.47232e-16; 1.77375e-16, 7.47232e-16, 1, ];
M = [-1.94616,0.901721,0.965743];
error_ellipse(C, M);
C = [1, 3.4496e-16, -1.30104e-18; 3.4496e-16, 1, 1.6263e-19; -1.30104e-18, 1.6263e-19, 1, ];
M = [-1.93926,0.896928,0.950499];
error_ellipse(C, M);
C = [1, 2.74436e-16, 2.1684e-19; 2.74436e-16, 1, -2.1684e-19; 2.1684e-19, -2.1684e-19, 1, ];
M = [-1.94476,0.900474,0.960989];
error_ellipse(C, M);
C = [1, -5.20051e-16, 3.62124e-17; -5.20051e-16, 1, 1.13841e-17; 3.62124e-17, 1.13841e-17, 1, ];
M = [-1.94532,0.900669,0.966024];
error_ellipse(C, M);
C = [1, 1.74731e-16, -1.0842e-19; 1.74731e-16, 1, -2.71051e-20; -1.0842e-19, -2.71051e-20, 1, ];
M = [-1.94745,0.901669,0.969004];
error_ellipse(C, M);
C = [1, 4.05325e-16, 5.72459e-17; 4.05325e-16, 1, -7.50268e-17; 5.72459e-17, -7.50268e-17, 1, ];
M = [-1.93781,0.896696,0.951606];
error_ellipse(C, M);
C = [1, -1.14997e-16, -3.46945e-18; -1.14997e-16, 1, -6.93889e-18; -3.46945e-18, -6.93889e-18, 1, ];
M = [-1.94262,0.89813,0.957687];
error_ellipse(C, M);
C = [1, 3.63533e-16, -0; 3.63533e-16, 1, -0; -0, -0, 1, ];
M = [-1.94529,0.900097,0.963559];
error_ellipse(C, M);
C = [1, -3.77296e-16, -6.245e-17; -3.77296e-16, 1, -5.37764e-17; -6.245e-17, -5.37764e-17, 1, ];
M = [-1.94556,0.89998,0.962008];
error_ellipse(C, M);
C = [1, -9.63991e-17, 1.73472e-18; -9.63991e-17, 1, 1.73472e-18; 1.73472e-18, 1.73472e-18, 1, ];
M = [-1.94843,0.900371,0.969188];
error_ellipse(C, M);
C = [1, -9.60332e-16, -1.73472e-18; -9.60332e-16, 1, 1.66591e-33; -1.73472e-18, 1.66591e-33, 1, ];
M = [-1.93984,0.897001,0.950616];
error_ellipse(C, M);
C = [1, -7.87944e-17, -1.04083e-17; -7.87944e-17, 1, -5.20417e-18; -1.04083e-17, -5.20417e-18, 1, ];
M = [-1.94197,0.898848,0.956488];
error_ellipse(C, M);
C = [1, 8.91756e-18, -3.46945e-18; 8.91756e-18, 1, 8.67362e-19; -3.46945e-18, 8.67362e-19, 1, ];
M = [-1.94311,0.898226,0.955753];
error_ellipse(C, M);
C = [1, 1.62413e-16, -4.51028e-17; 1.62413e-16, 1, -5.20417e-18; -4.51028e-17, -5.20417e-18, 1, ];
M = [-1.9388,0.894204,0.945716];
error_ellipse(C, M);
C = [1, -7.83336e-17, 1.73472e-17; -7.83336e-17, 1, -1.35887e-33; 1.73472e-17, -1.35887e-33, 1, ];
M = [-1.9402,0.896413,0.949749];
error_ellipse(C, M);
C = [1, -5.38415e-16, 6.245e-17; -5.38415e-16, 1, 9.36751e-17; 6.245e-17, 9.36751e-17, 1, ];
M = [-1.94002,0.897794,0.952142];
error_ellipse(C, M);
C = [1, -2.34079e-16, 4.16334e-17; -2.34079e-16, 1, 1.11022e-16; 4.16334e-17, 1.11022e-16, 1, ];
M = [-1.9505,0.902269,0.96914];
error_ellipse(C, M);
C = [1, 2.6563e-18, -1.38778e-17; 2.6563e-18, 1, -1.73472e-18; -1.38778e-17, -1.73472e-18, 1, ];
M = [-1.94904,0.900032,0.965588];
error_ellipse(C, M);
C = [1, 1.98409e-16, 3.46945e-17; 1.98409e-16, 1, 5.20417e-18; 3.46945e-17, 5.20417e-18, 1, ];
M = [-1.94655,0.898993,0.955231];
error_ellipse(C, M);
C = [1, 3.78712e-16, -4.85723e-17; 3.78712e-16, 1, -8.67362e-18; -4.85723e-17, -8.67362e-18, 1, ];
M = [-1.94069,0.896903,0.945214];
error_ellipse(C, M);
C = [1, 1.70437e-16, -4.85723e-17; 1.70437e-16, 1, -6.07153e-18; -4.85723e-17, -6.07153e-18, 1, ];
M = [-1.9446,0.899099,0.952383];
error_ellipse(C, M);
C = [1, -1.12432e-16, 5.55112e-17; -1.12432e-16, 1, 6.93889e-18; 5.55112e-17, 6.93889e-18, 1, ];
M = [-1.94979,0.900541,0.960545];
error_ellipse(C, M);
C = [1, -6.58111e-17, -1.38778e-17; -6.58111e-17, 1, -1.73472e-18; -1.38778e-17, -1.73472e-18, 1, ];
M = [-1.94404,0.897477,0.948814];
error_ellipse(C, M);
C = [1, -3.30682e-17, -2.77556e-17; -3.30682e-17, 1, -1.73472e-18; -2.77556e-17, -1.73472e-18, 1, ];
M = [-1.95206,0.901566,0.962806];
error_ellipse(C, M);
C = [1, -8.3592e-17, 1.38778e-17; -8.3592e-17, 1, 1.73472e-18; 1.38778e-17, 1.73472e-18, 1, ];
M = [-1.94263,0.896812,0.946391];
error_ellipse(C, M);
C = [1, 6.57027e-17, -6.93889e-17; 6.57027e-17, 1, -8.67362e-18; -6.93889e-17, -8.67362e-18, 1, ];
M = [-1.94375,0.897395,0.946513];
error_ellipse(C, M);
C = [1, 1.55908e-16, 9.71445e-17; 1.55908e-16, 1, 1.21431e-17; 9.71445e-17, 1.21431e-17, 1, ];
M = [-1.94815,0.900048,0.952338];
error_ellipse(C, M);
C = [1, -5.29091e-17, -3.6713e-34; -5.29091e-17, 1, 6.93889e-18; -3.6713e-34, 6.93889e-18, 1, ];
M = [-1.95564,0.903217,0.969065];
error_ellipse(C, M);
C = [1, 4.23923e-16, -6.93889e-17; 4.23923e-16, 1, -1.73472e-17; -6.93889e-17, -1.73472e-17, 1, ];
M = [-1.94911,0.900191,0.954728];
error_ellipse(C, M);
C = [1, 1.39428e-16, -1.38778e-17; 1.39428e-16, 1, -1.93496e-33; -1.38778e-17, -1.93496e-33, 1, ];
M = [-1.94959,0.900714,0.964607];
error_ellipse(C, M);
C = [1, -2.03396e-16, -4.16334e-17; -2.03396e-16, 1, -3.46945e-18; -4.16334e-17, -3.46945e-18, 1, ];
M = [-1.956,0.902314,0.971825];
error_ellipse(C, M);
C = [1, 4.12864e-16, 8.32667e-17; 4.12864e-16, 1, -1.73472e-17; 8.32667e-17, -1.73472e-17, 1, ];
M = [-1.95035,0.899719,0.956801];
error_ellipse(C, M);
C = [1, -1.39428e-16, 5.55112e-17; -1.39428e-16, 1, 6.93889e-18; 5.55112e-17, 6.93889e-18, 1, ];
M = [-1.94959,0.900859,0.961263];
error_ellipse(C, M);
C = [1, 3.38271e-17, -1.38778e-17; 3.38271e-17, 1, -4.69445e-34; -1.38778e-17, -4.69445e-34, 1, ];
M = [-1.95028,0.901768,0.96581];
error_ellipse(C, M);
C = [1, 2.75387e-17, 2.77556e-17; 2.75387e-17, 1, 6.93889e-18; 2.77556e-17, 6.93889e-18, 1, ];
M = [-1.95367,0.902227,0.97213];
error_ellipse(C, M);
C = [1, -4.0766e-17, -4.16334e-17; -4.0766e-17, 1, -6.93889e-18; -4.16334e-17, -6.93889e-18, 1, ];
M = [-1.94852,0.897796,0.954549];
error_ellipse(C, M);
%feature no 10006
plot3(0.417526,0.900074,0.966884,'ro');
plot3(0.428758,0.901699,0.97,'bx');
plot3(0.427539,0.901574,0.967628,'bx');
plot3(0.419475,0.899807,0.96175,'bx');
plot3(0.422825,0.902326,0.971493,'bx');
plot3(0.421078,0.903621,0.972283,'bx');
plot3(0.42042,0.901872,0.971442,'bx');
plot3(0.418802,0.902087,0.967204,'bx');
plot3(0.415809,0.89973,0.959763,'bx');
plot3(0.420679,0.902662,0.974555,'bx');
plot3(0.417347,0.899079,0.957311,'bx');
plot3(0.417843,0.901085,0.967325,'bx');
plot3(0.420362,0.902418,0.971889,'bx');
plot3(0.417589,0.902493,0.971497,'bx');
plot3(0.416307,0.898903,0.959066,'bx');
plot3(0.415182,0.900778,0.97033,'bx');
plot3(0.417227,0.90272,0.975199,'bx');
plot3(0.414298,0.901404,0.96748,'bx');
plot3(0.416125,0.901585,0.971946,'bx');
plot3(0.417181,0.90223,0.974072,'bx');
plot3(0.41607,0.897744,0.955922,'bx');
plot3(0.416005,0.902156,0.972542,'bx');
plot3(0.418897,0.901711,0.974857,'bx');
plot3(0.412141,0.898463,0.960413,'bx');
plot3(0.413718,0.901358,0.970368,'bx');
plot3(0.413792,0.901222,0.970718,'bx');
plot3(0.412918,0.895529,0.95327,'bx');
plot3(0.413695,0.896537,0.953968,'bx');
plot3(0.419466,0.902798,0.979716,'bx');
plot3(0.410992,0.898364,0.962231,'bx');
plot3(0.41476,0.899982,0.970221,'bx');
plot3(0.418331,0.900285,0.974846,'bx');
plot3(0.419748,0.901505,0.978315,'bx');
plot3(0.414055,0.897132,0.956559,'bx');
plot3(0.415509,0.897262,0.959626,'bx');
plot3(0.42324,0.899966,0.973072,'bx');
plot3(0.415163,0.896086,0.955782,'bx');
plot3(0.422184,0.900414,0.974759,'bx');
plot3(0.416178,0.898893,0.966379,'bx');
plot3(0.415005,0.895019,0.952626,'bx');
plot3(0.421095,0.900144,0.975604,'bx');
plot3(0.418299,0.900244,0.969198,'bx');
plot3(0.414902,0.898306,0.963149,'bx');
plot3(0.415141,0.898352,0.962082,'bx');
plot3(0.415009,0.895702,0.954424,'bx');
C = [1, 0, 0; 0, 1, 0; 0, 0, 1, ];
M = [0.428758,0.901699,0.97];
error_ellipse(C, M);
C = [1, -3.20786e-16, 2.1684e-19; -3.20786e-16, 1, -7.58942e-19; 2.1684e-19, -7.58942e-19, 1, ];
M = [0.427539,0.901574,0.967628];
error_ellipse(C, M);
C = [1, -1.02896e-15, -2.1684e-19; -1.02896e-15, 1, -4.33681e-19; -2.1684e-19, -4.33681e-19, 1, ];
M = [0.419475,0.899807,0.96175];
error_ellipse(C, M);
C = [1, -1.53923e-17, -2.1684e-18; -1.53923e-17, 1, 2.38524e-18; -2.1684e-18, 2.38524e-18, 1, ];
M = [0.422825,0.902326,0.971493];
error_ellipse(C, M);
C = [1, -1.02981e-16, 4.33681e-19; -1.02981e-16, 1, 4.33681e-19; 4.33681e-19, 4.33681e-19, 1, ];
M = [0.421078,0.903621,0.972283];
error_ellipse(C, M);
C = [1, 1.22228e-16, 4.33681e-19; 1.22228e-16, 1, 4.33681e-19; 4.33681e-19, 4.33681e-19, 1, ];
M = [0.42042,0.901872,0.971442];
error_ellipse(C, M);
C = [1, -2.57151e-17, 3.03577e-18; -2.57151e-17, 1, 3.90313e-18; 3.03577e-18, 3.90313e-18, 1, ];
M = [0.418802,0.902087,0.967204];
error_ellipse(C, M);
C = [1, -2.93874e-16, 1.77375e-16; -2.93874e-16, 1, 7.47232e-16; 1.77375e-16, 7.47232e-16, 1, ];
M = [0.415809,0.89973,0.959763];
error_ellipse(C, M);
C = [1, 3.4496e-16, -1.30104e-18; 3.4496e-16, 1, 1.6263e-19; -1.30104e-18, 1.6263e-19, 1, ];
M = [0.420679,0.902662,0.974555];
error_ellipse(C, M);
C = [1, 2.74436e-16, 2.1684e-19; 2.74436e-16, 1, -2.1684e-19; 2.1684e-19, -2.1684e-19, 1, ];
M = [0.417347,0.899079,0.957311];
error_ellipse(C, M);
C = [1, -5.20051e-16, 3.62124e-17; -5.20051e-16, 1, 1.13841e-17; 3.62124e-17, 1.13841e-17, 1, ];
M = [0.417843,0.901085,0.967325];
error_ellipse(C, M);
C = [1, 1.74731e-16, -1.0842e-19; 1.74731e-16, 1, -2.71051e-20; -1.0842e-19, -2.71051e-20, 1, ];
M = [0.420362,0.902418,0.971889];
error_ellipse(C, M);
C = [1, -7.90096e-16, -8.58688e-17; -7.90096e-16, 1, 1.35525e-16; -8.58688e-17, 1.35525e-16, 1, ];
M = [0.417589,0.902493,0.971497];
error_ellipse(C, M);
C = [1, 4.05325e-16, 5.72459e-17; 4.05325e-16, 1, -7.50268e-17; 5.72459e-17, -7.50268e-17, 1, ];
M = [0.416307,0.898903,0.959066];
error_ellipse(C, M);
C = [1, -1.14997e-16, -3.46945e-18; -1.14997e-16, 1, -6.93889e-18; -3.46945e-18, -6.93889e-18, 1, ];
M = [0.415182,0.900778,0.97033];
error_ellipse(C, M);
C = [1, 3.63533e-16, -0; 3.63533e-16, 1, -0; -0, -0, 1, ];
M = [0.417227,0.90272,0.975199];
error_ellipse(C, M);
C = [1, -3.77296e-16, -6.245e-17; -3.77296e-16, 1, -5.37764e-17; -6.245e-17, -5.37764e-17, 1, ];
M = [0.414298,0.901404,0.96748];
error_ellipse(C, M);
C = [1, -9.63991e-17, 1.73472e-18; -9.63991e-17, 1, 1.73472e-18; 1.73472e-18, 1.73472e-18, 1, ];
M = [0.416125,0.901585,0.971946];
error_ellipse(C, M);
C = [1, -9.60332e-16, -1.73472e-18; -9.60332e-16, 1, 1.66591e-33; -1.73472e-18, 1.66591e-33, 1, ];
M = [0.417181,0.90223,0.974072];
error_ellipse(C, M);
C = [1, -7.87944e-17, -1.04083e-17; -7.87944e-17, 1, -5.20417e-18; -1.04083e-17, -5.20417e-18, 1, ];
M = [0.41607,0.897744,0.955922];
error_ellipse(C, M);
C = [1, 8.91756e-18, -3.46945e-18; 8.91756e-18, 1, 8.67362e-19; -3.46945e-18, 8.67362e-19, 1, ];
M = [0.416005,0.902156,0.972542];
error_ellipse(C, M);
C = [1, 1.62413e-16, -4.51028e-17; 1.62413e-16, 1, -5.20417e-18; -4.51028e-17, -5.20417e-18, 1, ];
M = [0.418897,0.901711,0.974857];
error_ellipse(C, M);
C = [1, -7.83336e-17, 1.73472e-17; -7.83336e-17, 1, -1.35887e-33; 1.73472e-17, -1.35887e-33, 1, ];
M = [0.412141,0.898463,0.960413];
error_ellipse(C, M);
C = [1, -5.38415e-16, 6.245e-17; -5.38415e-16, 1, 9.36751e-17; 6.245e-17, 9.36751e-17, 1, ];
M = [0.413718,0.901358,0.970368];
error_ellipse(C, M);
C = [1, -2.34079e-16, 4.16334e-17; -2.34079e-16, 1, 1.11022e-16; 4.16334e-17, 1.11022e-16, 1, ];
M = [0.413792,0.901222,0.970718];
error_ellipse(C, M);
C = [1, 2.6563e-18, -1.38778e-17; 2.6563e-18, 1, -1.73472e-18; -1.38778e-17, -1.73472e-18, 1, ];
M = [0.412918,0.895529,0.95327];
error_ellipse(C, M);
C = [1, 3.78712e-16, -4.85723e-17; 3.78712e-16, 1, -8.67362e-18; -4.85723e-17, -8.67362e-18, 1, ];
M = [0.413695,0.896537,0.953968];
error_ellipse(C, M);
C = [1, 1.70437e-16, -4.85723e-17; 1.70437e-16, 1, -6.07153e-18; -4.85723e-17, -6.07153e-18, 1, ];
M = [0.419466,0.902798,0.979716];
error_ellipse(C, M);
C = [1, -1.12432e-16, 5.55112e-17; -1.12432e-16, 1, 6.93889e-18; 5.55112e-17, 6.93889e-18, 1, ];
M = [0.410992,0.898364,0.962231];
error_ellipse(C, M);
C = [1, -6.58111e-17, -1.38778e-17; -6.58111e-17, 1, -1.73472e-18; -1.38778e-17, -1.73472e-18, 1, ];
M = [0.41476,0.899982,0.970221];
error_ellipse(C, M);
C = [1, 2.04047e-16, -1.38778e-17; 2.04047e-16, 1, -3.46945e-18; -1.38778e-17, -3.46945e-18, 1, ];
M = [0.418331,0.900285,0.974846];
error_ellipse(C, M);
C = [1, -3.30682e-17, -2.77556e-17; -3.30682e-17, 1, -1.73472e-18; -2.77556e-17, -1.73472e-18, 1, ];
M = [0.419748,0.901505,0.978315];
error_ellipse(C, M);
C = [1, -8.3592e-17, 1.38778e-17; -8.3592e-17, 1, 1.73472e-18; 1.38778e-17, 1.73472e-18, 1, ];
M = [0.414055,0.897132,0.956559];
error_ellipse(C, M);
C = [1, 6.57027e-17, -6.93889e-17; 6.57027e-17, 1, -8.67362e-18; -6.93889e-17, -8.67362e-18, 1, ];
M = [0.415509,0.897262,0.959626];
error_ellipse(C, M);
C = [1, 1.55908e-16, 9.71445e-17; 1.55908e-16, 1, 1.21431e-17; 9.71445e-17, 1.21431e-17, 1, ];
M = [0.42324,0.899966,0.973072];
error_ellipse(C, M);
C = [1, -5.29091e-17, -3.6713e-34; -5.29091e-17, 1, 6.93889e-18; -3.6713e-34, 6.93889e-18, 1, ];
M = [0.415163,0.896086,0.955782];
error_ellipse(C, M);
C = [1, 4.23923e-16, -6.93889e-17; 4.23923e-16, 1, -1.73472e-17; -6.93889e-17, -1.73472e-17, 1, ];
M = [0.422184,0.900414,0.974759];
error_ellipse(C, M);
C = [1, 1.39428e-16, -1.38778e-17; 1.39428e-16, 1, -1.93496e-33; -1.38778e-17, -1.93496e-33, 1, ];
M = [0.416178,0.898893,0.966379];
error_ellipse(C, M);
C = [1, -2.03396e-16, -4.16334e-17; -2.03396e-16, 1, -3.46945e-18; -4.16334e-17, -3.46945e-18, 1, ];
M = [0.415005,0.895019,0.952626];
error_ellipse(C, M);
C = [1, 4.12864e-16, 8.32667e-17; 4.12864e-16, 1, -1.73472e-17; 8.32667e-17, -1.73472e-17, 1, ];
M = [0.421095,0.900144,0.975604];
error_ellipse(C, M);
C = [1, -1.39428e-16, 5.55112e-17; -1.39428e-16, 1, 6.93889e-18; 5.55112e-17, 6.93889e-18, 1, ];
M = [0.418299,0.900244,0.969198];
error_ellipse(C, M);
C = [1, 3.38271e-17, -1.38778e-17; 3.38271e-17, 1, -4.69445e-34; -1.38778e-17, -4.69445e-34, 1, ];
M = [0.414902,0.898306,0.963149];
error_ellipse(C, M);
C = [1, 2.75387e-17, 2.77556e-17; 2.75387e-17, 1, 6.93889e-18; 2.77556e-17, 6.93889e-18, 1, ];
M = [0.415141,0.898352,0.962082];
error_ellipse(C, M);
C = [1, -4.0766e-17, -4.16334e-17; -4.0766e-17, 1, -6.93889e-18; -4.16334e-17, -6.93889e-18, 1, ];
M = [0.415009,0.895702,0.954424];
error_ellipse(C, M);
%feature no 10007
plot3(0.23973,0.894516,2.07921,'ro');
plot3(0.240071,0.893236,2.0664,'bx');
plot3(0.240835,0.894026,2.06657,'bx');
plot3(0.241011,0.894209,2.06902,'bx');
plot3(0.243948,0.894263,2.08099,'bx');
plot3(0.242075,0.893733,2.07124,'bx');
plot3(0.241793,0.893858,2.07267,'bx');
plot3(0.239871,0.893365,2.06669,'bx');
plot3(0.239914,0.895526,2.0846,'bx');
plot3(0.241206,0.893888,2.07634,'bx');
plot3(0.241598,0.895864,2.09023,'bx');
plot3(0.239956,0.893419,2.06921,'bx');
plot3(0.239483,0.89431,2.07528,'bx');
plot3(0.240292,0.896494,2.09269,'bx');
plot3(0.238418,0.895257,2.08578,'bx');
plot3(0.237966,0.895535,2.09024,'bx');
plot3(0.236681,0.895732,2.09465,'bx');
plot3(0.23496,0.894482,2.093,'bx');
plot3(0.235065,0.894086,2.08013,'bx');
C = [1, 0, 0; 0, 1, 0; 0, 0, 1, ];
M = [0.240071,0.893236,2.0664];
error_ellipse(C, M);
C = [1, -1.53923e-17, -2.1684e-18; -1.53923e-17, 1, 2.38524e-18; -2.1684e-18, 2.38524e-18, 1, ];
M = [0.240835,0.894026,2.06657];
error_ellipse(C, M);
C = [1, -2.10835e-17, 1.12757e-17; -2.10835e-17, 1, 8.67362e-18; 1.12757e-17, 8.67362e-18, 1, ];
M = [0.241011,0.894209,2.06902];
error_ellipse(C, M);
C = [1, -4.08092e-17, 2.1684e-18; -4.08092e-17, 1, 1.73472e-18; 2.1684e-18, 1.73472e-18, 1, ];
M = [0.243948,0.894263,2.08099];
error_ellipse(C, M);
C = [1, -6.47679e-16, -3.85976e-17; -6.47679e-16, 1, -3.90313e-18; -3.85976e-17, -3.90313e-18, 1, ];
M = [0.242075,0.893733,2.07124];
error_ellipse(C, M);
C = [1, -3.99058e-16, 1.12757e-17; -3.99058e-16, 1, -3.98986e-17; 1.12757e-17, -3.98986e-17, 1, ];
M = [0.241793,0.893858,2.07267];
error_ellipse(C, M);
C = [1, 2.34494e-16, -7.80626e-18; 2.34494e-16, 1, -2.53703e-17; -7.80626e-18, -2.53703e-17, 1, ];
M = [0.239871,0.893365,2.06669];
error_ellipse(C, M);
C = [1, -2.93874e-16, 1.77375e-16; -2.93874e-16, 1, 7.47232e-16; 1.77375e-16, 7.47232e-16, 1, ];
M = [0.239914,0.895526,2.0846];
error_ellipse(C, M);
C = [1, 2.74436e-16, 2.1684e-19; 2.74436e-16, 1, -2.1684e-19; 2.1684e-19, -2.1684e-19, 1, ];
M = [0.241206,0.893888,2.07634];
error_ellipse(C, M);
C = [1, 4.05325e-16, 5.72459e-17; 4.05325e-16, 1, -7.50268e-17; 5.72459e-17, -7.50268e-17, 1, ];
M = [0.241598,0.895864,2.09023];
error_ellipse(C, M);
C = [1, 3.63533e-16, -0; 3.63533e-16, 1, -0; -0, -0, 1, ];
M = [0.239956,0.893419,2.06921];
error_ellipse(C, M);
C = [1, -9.60332e-16, -1.73472e-18; -9.60332e-16, 1, 1.66591e-33; -1.73472e-18, 1.66591e-33, 1, ];
M = [0.239483,0.89431,2.07528];
error_ellipse(C, M);
C = [1, -7.87944e-17, -1.04083e-17; -7.87944e-17, 1, -5.20417e-18; -1.04083e-17, -5.20417e-18, 1, ];
M = [0.240292,0.896494,2.09269];
error_ellipse(C, M);
C = [1, 1.62413e-16, -4.51028e-17; 1.62413e-16, 1, -5.20417e-18; -4.51028e-17, -5.20417e-18, 1, ];
M = [0.238418,0.895257,2.08578];
error_ellipse(C, M);
C = [1, -2.34079e-16, 4.16334e-17; -2.34079e-16, 1, 1.11022e-16; 4.16334e-17, 1.11022e-16, 1, ];
M = [0.237966,0.895535,2.09024];
error_ellipse(C, M);
C = [1, 1.55908e-16, 9.71445e-17; 1.55908e-16, 1, 1.21431e-17; 9.71445e-17, 1.21431e-17, 1, ];
M = [0.236681,0.895732,2.09465];
error_ellipse(C, M);
C = [1, 4.12864e-16, 8.32667e-17; 4.12864e-16, 1, -1.73472e-17; 8.32667e-17, -1.73472e-17, 1, ];
M = [0.23496,0.894482,2.093];
error_ellipse(C, M);
C = [1, -1.39428e-16, 5.55112e-17; -1.39428e-16, 1, 6.93889e-18; 5.55112e-17, 6.93889e-18, 1, ];
M = [0.235065,0.894086,2.08013];
error_ellipse(C, M);
%feature no 10008
plot3(0.670088,-0.503329,1.45313,'ro');
plot3(0.673499,-0.503614,1.4528,'bx');
plot3(0.674231,-0.505356,1.45156,'bx');
plot3(0.675452,-0.505182,1.45497,'bx');
plot3(0.6758,-0.506223,1.45084,'bx');
plot3(0.675868,-0.505809,1.45072,'bx');
plot3(0.675545,-0.50519,1.45112,'bx');
plot3(0.675768,-0.505657,1.45092,'bx');
plot3(0.67582,-0.504448,1.452,'bx');
plot3(0.676973,-0.505334,1.44972,'bx');
plot3(0.675199,-0.505677,1.45127,'bx');
plot3(0.674822,-0.50459,1.45292,'bx');
plot3(0.673602,-0.503658,1.45119,'bx');
plot3(0.675399,-0.504711,1.45317,'bx');
plot3(0.675609,-0.505248,1.45284,'bx');
plot3(0.675533,-0.504067,1.45216,'bx');
plot3(0.676595,-0.504874,1.45339,'bx');
plot3(0.675012,-0.503627,1.45213,'bx');
plot3(0.674224,-0.503302,1.45177,'bx');
plot3(0.676648,-0.503559,1.4545,'bx');
plot3(0.673132,-0.504474,1.45275,'bx');
plot3(0.67416,-0.503898,1.451,'bx');
plot3(0.67369,-0.503781,1.4509,'bx');
plot3(0.672596,-0.504018,1.45211,'bx');
plot3(0.671585,-0.502646,1.45173,'bx');
plot3(0.672747,-0.502731,1.4533,'bx');
plot3(0.671403,-0.502448,1.45265,'bx');
plot3(0.672896,-0.504343,1.45226,'bx');
plot3(0.671001,-0.502765,1.45324,'bx');
plot3(0.671105,-0.503065,1.45456,'bx');
plot3(0.671129,-0.503026,1.45468,'bx');
plot3(0.669277,-0.50272,1.45477,'bx');
plot3(0.669074,-0.502667,1.45184,'bx');
plot3(0.668285,-0.503339,1.45295,'bx');
plot3(0.667059,-0.503014,1.454,'bx');
plot3(0.665185,-0.502455,1.4532,'bx');
plot3(0.66544,-0.502798,1.45648,'bx');
plot3(0.663947,-0.501862,1.45429,'bx');
plot3(0.665147,-0.502464,1.4545,'bx');
plot3(0.66708,-0.502989,1.4535,'bx');
plot3(0.665061,-0.503939,1.45529,'bx');
plot3(0.665021,-0.503071,1.4554,'bx');
plot3(0.66235,-0.500894,1.45477,'bx');
plot3(0.661434,-0.501342,1.45513,'bx');
plot3(0.660746,-0.500988,1.45767,'bx');
plot3(0.662417,-0.500604,1.45324,'bx');
plot3(0.658247,-0.501005,1.45421,'bx');
plot3(0.662679,-0.501334,1.45344,'bx');
plot3(0.6608,-0.500979,1.45521,'bx');
plot3(0.660524,-0.500806,1.45353,'bx');
plot3(0.6576,-0.49987,1.45407,'bx');
C = [1, 0, 0; 0, 1, 0; 0, 0, 1, ];
M = [0.673499,-0.503614,1.4528];
error_ellipse(C, M);
C = [1, -3.20786e-16, 2.1684e-19; -3.20786e-16, 1, -7.58942e-19; 2.1684e-19, -7.58942e-19, 1, ];
M = [0.674231,-0.505356,1.45156];
error_ellipse(C, M);
C = [1, -1.02896e-15, -2.1684e-19; -1.02896e-15, 1, -4.33681e-19; -2.1684e-19, -4.33681e-19, 1, ];
M = [0.675452,-0.505182,1.45497];
error_ellipse(C, M);
C = [1, -1.53923e-17, -2.1684e-18; -1.53923e-17, 1, 2.38524e-18; -2.1684e-18, 2.38524e-18, 1, ];
M = [0.6758,-0.506223,1.45084];
error_ellipse(C, M);
C = [1, -2.10835e-17, 1.12757e-17; -2.10835e-17, 1, 8.67362e-18; 1.12757e-17, 8.67362e-18, 1, ];
M = [0.675868,-0.505809,1.45072];
error_ellipse(C, M);
C = [1, -4.08092e-17, 2.1684e-18; -4.08092e-17, 1, 1.73472e-18; 2.1684e-18, 1.73472e-18, 1, ];
M = [0.675545,-0.50519,1.45112];
error_ellipse(C, M);
C = [1, -6.47679e-16, -3.85976e-17; -6.47679e-16, 1, -3.90313e-18; -3.85976e-17, -3.90313e-18, 1, ];
M = [0.675768,-0.505657,1.45092];
error_ellipse(C, M);
C = [1, -3.99058e-16, 1.12757e-17; -3.99058e-16, 1, -3.98986e-17; 1.12757e-17, -3.98986e-17, 1, ];
M = [0.67582,-0.504448,1.452];
error_ellipse(C, M);
C = [1, -1.02981e-16, 4.33681e-19; -1.02981e-16, 1, 4.33681e-19; 4.33681e-19, 4.33681e-19, 1, ];
M = [0.676973,-0.505334,1.44972];
error_ellipse(C, M);
C = [1, 1.22228e-16, 4.33681e-19; 1.22228e-16, 1, 4.33681e-19; 4.33681e-19, 4.33681e-19, 1, ];
M = [0.675199,-0.505677,1.45127];
error_ellipse(C, M);
C = [1, 2.34494e-16, -7.80626e-18; 2.34494e-16, 1, -2.53703e-17; -7.80626e-18, -2.53703e-17, 1, ];
M = [0.674822,-0.50459,1.45292];
error_ellipse(C, M);
C = [1, -2.57151e-17, 3.03577e-18; -2.57151e-17, 1, 3.90313e-18; 3.03577e-18, 3.90313e-18, 1, ];
M = [0.673602,-0.503658,1.45119];
error_ellipse(C, M);
C = [1, -2.93874e-16, 1.77375e-16; -2.93874e-16, 1, 7.47232e-16; 1.77375e-16, 7.47232e-16, 1, ];
M = [0.675399,-0.504711,1.45317];
error_ellipse(C, M);
C = [1, 3.4496e-16, -1.30104e-18; 3.4496e-16, 1, 1.6263e-19; -1.30104e-18, 1.6263e-19, 1, ];
M = [0.675609,-0.505248,1.45284];
error_ellipse(C, M);
C = [1, 2.74436e-16, 2.1684e-19; 2.74436e-16, 1, -2.1684e-19; 2.1684e-19, -2.1684e-19, 1, ];
M = [0.675533,-0.504067,1.45216];
error_ellipse(C, M);
C = [1, -5.20051e-16, 3.62124e-17; -5.20051e-16, 1, 1.13841e-17; 3.62124e-17, 1.13841e-17, 1, ];
M = [0.676595,-0.504874,1.45339];
error_ellipse(C, M);
C = [1, 1.74731e-16, -1.0842e-19; 1.74731e-16, 1, -2.71051e-20; -1.0842e-19, -2.71051e-20, 1, ];
M = [0.675012,-0.503627,1.45213];
error_ellipse(C, M);
C = [1, -7.90096e-16, -8.58688e-17; -7.90096e-16, 1, 1.35525e-16; -8.58688e-17, 1.35525e-16, 1, ];
M = [0.674224,-0.503302,1.45177];
error_ellipse(C, M);
C = [1, 4.05325e-16, 5.72459e-17; 4.05325e-16, 1, -7.50268e-17; 5.72459e-17, -7.50268e-17, 1, ];
M = [0.676648,-0.503559,1.4545];
error_ellipse(C, M);
C = [1, -1.14997e-16, -3.46945e-18; -1.14997e-16, 1, -6.93889e-18; -3.46945e-18, -6.93889e-18, 1, ];
M = [0.673132,-0.504474,1.45275];
error_ellipse(C, M);
C = [1, 3.63533e-16, -0; 3.63533e-16, 1, -0; -0, -0, 1, ];
M = [0.67416,-0.503898,1.451];
error_ellipse(C, M);
C = [1, -3.77296e-16, -6.245e-17; -3.77296e-16, 1, -5.37764e-17; -6.245e-17, -5.37764e-17, 1, ];
M = [0.67369,-0.503781,1.4509];
error_ellipse(C, M);
C = [1, -9.63991e-17, 1.73472e-18; -9.63991e-17, 1, 1.73472e-18; 1.73472e-18, 1.73472e-18, 1, ];
M = [0.672596,-0.504018,1.45211];
error_ellipse(C, M);
C = [1, -9.60332e-16, -1.73472e-18; -9.60332e-16, 1, 1.66591e-33; -1.73472e-18, 1.66591e-33, 1, ];
M = [0.671585,-0.502646,1.45173];
error_ellipse(C, M);
C = [1, -7.87944e-17, -1.04083e-17; -7.87944e-17, 1, -5.20417e-18; -1.04083e-17, -5.20417e-18, 1, ];
M = [0.672747,-0.502731,1.4533];
error_ellipse(C, M);
C = [1, 8.91756e-18, -3.46945e-18; 8.91756e-18, 1, 8.67362e-19; -3.46945e-18, 8.67362e-19, 1, ];
M = [0.671403,-0.502448,1.45265];
error_ellipse(C, M);
C = [1, 1.62413e-16, -4.51028e-17; 1.62413e-16, 1, -5.20417e-18; -4.51028e-17, -5.20417e-18, 1, ];
M = [0.672896,-0.504343,1.45226];
error_ellipse(C, M);
C = [1, -7.83336e-17, 1.73472e-17; -7.83336e-17, 1, -1.35887e-33; 1.73472e-17, -1.35887e-33, 1, ];
M = [0.671001,-0.502765,1.45324];
error_ellipse(C, M);
C = [1, -5.38415e-16, 6.245e-17; -5.38415e-16, 1, 9.36751e-17; 6.245e-17, 9.36751e-17, 1, ];
M = [0.671105,-0.503065,1.45456];
error_ellipse(C, M);
C = [1, -2.34079e-16, 4.16334e-17; -2.34079e-16, 1, 1.11022e-16; 4.16334e-17, 1.11022e-16, 1, ];
M = [0.671129,-0.503026,1.45468];
error_ellipse(C, M);
C = [1, 2.6563e-18, -1.38778e-17; 2.6563e-18, 1, -1.73472e-18; -1.38778e-17, -1.73472e-18, 1, ];
M = [0.669277,-0.50272,1.45477];
error_ellipse(C, M);
C = [1, 1.98409e-16, 3.46945e-17; 1.98409e-16, 1, 5.20417e-18; 3.46945e-17, 5.20417e-18, 1, ];
M = [0.669074,-0.502667,1.45184];
error_ellipse(C, M);
C = [1, 3.78712e-16, -4.85723e-17; 3.78712e-16, 1, -8.67362e-18; -4.85723e-17, -8.67362e-18, 1, ];
M = [0.668285,-0.503339,1.45295];
error_ellipse(C, M);
C = [1, 1.70437e-16, -4.85723e-17; 1.70437e-16, 1, -6.07153e-18; -4.85723e-17, -6.07153e-18, 1, ];
M = [0.667059,-0.503014,1.454];
error_ellipse(C, M);
C = [1, -1.12432e-16, 5.55112e-17; -1.12432e-16, 1, 6.93889e-18; 5.55112e-17, 6.93889e-18, 1, ];
M = [0.665185,-0.502455,1.4532];
error_ellipse(C, M);
C = [1, -6.58111e-17, -1.38778e-17; -6.58111e-17, 1, -1.73472e-18; -1.38778e-17, -1.73472e-18, 1, ];
M = [0.66544,-0.502798,1.45648];
error_ellipse(C, M);
C = [1, 2.04047e-16, -1.38778e-17; 2.04047e-16, 1, -3.46945e-18; -1.38778e-17, -3.46945e-18, 1, ];
M = [0.663947,-0.501862,1.45429];
error_ellipse(C, M);
C = [1, -3.30682e-17, -2.77556e-17; -3.30682e-17, 1, -1.73472e-18; -2.77556e-17, -1.73472e-18, 1, ];
M = [0.665147,-0.502464,1.4545];
error_ellipse(C, M);
C = [1, -8.3592e-17, 1.38778e-17; -8.3592e-17, 1, 1.73472e-18; 1.38778e-17, 1.73472e-18, 1, ];
M = [0.66708,-0.502989,1.4535];
error_ellipse(C, M);
C = [1, 6.57027e-17, -6.93889e-17; 6.57027e-17, 1, -8.67362e-18; -6.93889e-17, -8.67362e-18, 1, ];
M = [0.665061,-0.503939,1.45529];
error_ellipse(C, M);
C = [1, 1.55908e-16, 9.71445e-17; 1.55908e-16, 1, 1.21431e-17; 9.71445e-17, 1.21431e-17, 1, ];
M = [0.665021,-0.503071,1.4554];
error_ellipse(C, M);
C = [1, -5.29091e-17, -3.6713e-34; -5.29091e-17, 1, 6.93889e-18; -3.6713e-34, 6.93889e-18, 1, ];
M = [0.66235,-0.500894,1.45477];
error_ellipse(C, M);
C = [1, 4.23923e-16, -6.93889e-17; 4.23923e-16, 1, -1.73472e-17; -6.93889e-17, -1.73472e-17, 1, ];
M = [0.661434,-0.501342,1.45513];
error_ellipse(C, M);
C = [1, 1.39428e-16, -1.38778e-17; 1.39428e-16, 1, -1.93496e-33; -1.38778e-17, -1.93496e-33, 1, ];
M = [0.660746,-0.500988,1.45767];
error_ellipse(C, M);
C = [1, -2.03396e-16, -4.16334e-17; -2.03396e-16, 1, -3.46945e-18; -4.16334e-17, -3.46945e-18, 1, ];
M = [0.662417,-0.500604,1.45324];
error_ellipse(C, M);
C = [1, 4.12864e-16, 8.32667e-17; 4.12864e-16, 1, -1.73472e-17; 8.32667e-17, -1.73472e-17, 1, ];
M = [0.658247,-0.501005,1.45421];
error_ellipse(C, M);
C = [1, -1.39428e-16, 5.55112e-17; -1.39428e-16, 1, 6.93889e-18; 5.55112e-17, 6.93889e-18, 1, ];
M = [0.662679,-0.501334,1.45344];
error_ellipse(C, M);
